5256,7
12276,14
14463,81
5886,25
5854,77
14448,07
10859,66
5351,14
10702,27
14385,11
8498,86
5225,23
11567,9
14558,24
9726,48
5240,97
11567,9
14416,59
5697,39
6106,59
14448,07
14101,82
5256,7
6279,72
14636,93
13755,57
5240,97
7586,02
14573,98
11017,05
5288,18
10230,11
14605,45
10497,67
5240,97
12024,32
14479,55
7822,1
5351,14
14211,99
14589,72
6972,22
5303,92
14070,34
14778,58
7050,91
5288,18
14211,99
14621,19
7727,67
5382,61
14164,77
12968,64
5288,18
9474,66
14731,36
11441,99
5288,18
9899,6
15172,05
14149,03
6138,07
9600,57
15282,22
10843,92
6027,9
12291,88
15203,52
10387,5
5996,42
12811,25
15266,48
6311,19
8687,73
15219,26
13802,78
6027,9
9285,8
15266,48
12386,31
6075,11
12701,08
15644,2
8199,83
7035,17
15156,31
15124,83
7586,02
6799,09
15109,09
12606,65
5335,4
10954,09
14479,55
6437,1
5728,86
14542,5
12779,77
5240,97
7790,63
14558,24
7680,45
5240,97
12543,69
14259,2
5240,97
5618,69
14558,24
11615,11
5240,97
9380,23
14463,81
7113,86
5303,92
12055,8
14400,85
5225,23
5193,75
13850
12480,74
5209,49
6484,32
14511,02
8388,69
5351,14
10387,5
13456,53
5256,7
5524,26
14605,45
10198,64
5256,7
8042,44
14841,53
5807,56
5303,92
13141,76
10985,57
5288,18
7554,55
14542,5
9506,14
5240,97
8420,17
14589,72
6625,97
5398,35
10859,66
10922,61
5256,7
8577,56
14621,19
7113,86
5366,88
10623,58
13236,19
6059,38
6043,64
14762,84
10466,19
5996,42
8451,65
15140,57
8372,95
5964,94
10812,44
15172,05
6594,49
5933,47
11316,08
13000,11
6059,38
5949,2
13865,74
11221,65
5917,73
6358,41
14983,18
9317,27
5964,94
8734,94
15014,66
6122,33
6027,9
12559,43
13299,15
5901,99
6720,4
14211,99
7885,06
5225,23
9285,8
13755,57
5240,97
5209,49
13566,7
9962,56
5178,01
7711,93
14369,38
8184,09
5162,27
8892,33
14337,9
7302,73
5193,75
10025,51
14385,11
5587,22
5178,01
11268,86
12260,4
5209,49
5587,22
14495,28
11331,82
5193,75
5209,49
14495,28
10576,36
5178,01
7381,42
14337,9
6138,07
5303,92
12575,17
12638,13
5209,49
5272,44
12465
13157,5
5288,18
5272,44
13425,06
9899,6
5319,66
8357,22
14699,89
8121,14
5303,92
9553,35
14715,63
7113,86
5319,66
10245,85
14479,55
5303,92
5335,4
12685,34
11174,43
5335,4
6311,19
15549,77
13063,07
6059,38
6027,9
15030,4
12669,6
5980,68
6138,07
15345,17
10119,94
6043,64
8845,11
15109,09
6043,64
5917,73
12465
12606,65
5917,73
6452,84
15046,14
7176,82
6027,9
11237,39
13582,44
5933,47
5949,2
14149,03
13078,81
6059,38
5949,2
13330,63
12103,01
5225,23
5917,73
14432,33
7743,41
5178,01
9852,39
14542,5
6405,63
5209,49
10151,42
14180,51
5209,49
5209,49
13676,88
8860,85
5178,01
9962,56
14385,11
5225,23
5178,01
12024,32
12764,03
5178,01
5602,95
14385,11
8955,28
5193,75
9364,49
14463,81
5697,39
5193,75
13488,01
10655,06
5209,49
6956,48
14621,19
8467,39
5414,09
9364,49
14558,24
5807,56
5256,7
12622,39
12071,53
5288,18
6421,36
14715,63
7003,69
5303,92
11095,74
14731,36
6201,02
5303,92
10576,36
14747,1
6484,32
5319,66
10812,44
14196,25
5303,92
5303,92
13787,05
12449,26
5980,68
6075,11
14227,73
13330,63
6075,11
5964,94
15172,05
11300,34
5980,68
8451,65
15203,52
10371,76
6012,16
9852,39
15156,31
9742,22
5980,68
9726,48
15172,05
6326,93
6027,9
13535,23
14542,5
6295,45
6185,28
14605,45
14951,7
6625,97
6216,76
14038,86
14196,25
6153,81
7098,13
14684,15
14086,08
5414,09
5429,83
13724,09
14794,32
6012,16
5555,74
12921,42
14904,49
5791,82
5414,09
12874,2
13834,26
5492,78
5477,05
14070,34
12181,7
5461,31
7743,41
14668,41
13346,36
5492,78
5461,31
14479,55
12087,27
5398,35
7161,08
14636,93
10529,15
5429,83
8734,94
14699,89
11142,95
5445,57
7302,73
14873,01
9978,3
5461,31
10056,99
14747,1
8435,91
5445,57
10167,16
14841,53
6358,41
5477,05
13220,45
10906,88
5492,78
10796,7
14873,01
9632,05
5508,52
10151,42
14873,01
6452,84
5508,52
13519,49
11662,33
5665,91
8782,16
14857,27
8750,68
6248,24
13850
12291,88
6185,28
10182,9
14747,1
6169,55
8168,35
15376,65
10906,88
6138,07
9584,83
15203,52
10875,4
5823,3
8955,28
14935,97
7900,8
5854,77
14322,16
13346,36
5949,2
9033,98
15203,52
11835,45
5870,51
9820,91
15313,69
7365,68
6326,93
15172,05
12512,22
5225,23
7995,23
14526,76
9049,72
5146,53
10812,44
14400,85
6358,41
5115,06
12653,86
14385,11
8136,88
5146,53
11080
14306,42
7113,86
5130,8
12811,25
14290,68
6720,4
5414,09
14306,42
13503,75
5178,01
6751,88
14385,11
10733,75
5099,32
10780,97
14479,55
11127,22
5146,53
9852,39
14432,33
6830,57
5319,66
14511,02
14542,5
6201,02
5225,23
14007,39
14416,59
7050,91
5130,8
14196,25
11945,63
5146,53
9978,3
14511,02
9364,49
5162,27
13377,84
13157,5
5162,27
9537,61
14573,98
10576,36
5272,44
11331,82
14511,02
7869,32
5351,14
14542,5
11882,67
5870,51
11316,08
15219,26
9962,56
5964,94
13755,57
13897,22
5870,51
8782,16
14998,92
9490,4
5839,03
12402,05
14904,49
7035,17
5964,94
13330,63
11851,19
7003,69
10859,66
15077,61
8247,05
6751,88
13708,35
13362,1
5870,51
8184,09
15329,43
6610,23
7397,16
15109,09
7916,53
5115,06
12449,26
13802,78
5130,8
5461,31
14526,76
10056,99
5272,44
10906,88
10859,66
5130,8
7129,6
14369,38
8262,78
5130,8
9427,44
14259,2
5366,88
5240,97
13472,27
10718,01
5256,7
9443,18
14322,16
7161,08
5209,49
12181,7
12984,38
5225,23
7192,56
14432,33
8451,65
5178,01
12150,23
13173,24
5162,27
6783,35
14432,33
8797,9
5209,49
10749,49
12134,49
5130,8
9049,72
14589,72
7208,3
5130,8
13157,5
12858,47
5162,27
8797,9
14605,45
7239,77
5162,27
12921,42
12197,44
5162,27
8734,94
14526,76
7727,67
5178,01
12465
12968,64
5839,03
8845,11
15345,17
8058,18
5870,51
13897,22
13094,55
5823,3
7444,38
14967,44
9553,35
5854,77
12291,88
12323,35
5917,73
8845,11
14998,92
7948,01
5854,77
12590,91
12370,57
6169,55
10434,72
16289,49
6248,24
6295,45
15455,34
10639,32
6106,59
10529,15
13802,78
6185,28
7239,77
14762,84
8561,82
5461,31
11898,41
